94 Inonx

Ηο1001001, 60. 6, 46. Ηο10011·
oum 0011110116104.
Ηο111001110810111006, 118.
Ηο00000011.11101006,69.

H 00110 1000106, 114.

Hydrus mons 11111006, 66.
Ηο1001600011001,84.
Hypanis fl. 1100111100 Euro-
000006, 7.

Ηο001000161 01 0011008011οο
Hyperborei 0000100 0001001110
00110 001001, 16, 16. 6, 66.
Hyrcania 10010 00 10010 000-
0101116,46.Ηο100011000100
01001, 16. 6, 69, 41. Ηο100·
0100 010006, 68, 69, 41.

10001 urbs 111011 016, 67.
101000001101111001100111006, 101.
Iamno 0001011010 10 minoribus
Βο100111006, 164.

100100 0111001, 86.

1000 dux Argonautarum, 101,
10101100 fl. 10 mare Caspium
effluens3, 46.

1111000 01016, 86.

100110 1000106, 111.

10111101 0100101011οω Ρο10-
00000016, 49, 60.

10001010 urbs 1100110100 1, 31.

100 01000 Ρ11100100191. 101000
01000 1, 66.

1001111001οο0 0101,006 116.

Ιο11101111000101,166.4 ·

11100 0160610001100, 0000111-
0110000 sinus 10001016, 96.
11100000 0000100 Sardiniae 6,
1110111 bello excidioque 010110·
01100196. 6, 66. 1110001001
0001006, 46

1110110 10010,1 18. 0000101110·
1100016, 67.

16101116, 16, 66. 1110110000οο-
006 66.

1101011110 Η10000100 6 60.
11101000106,166.
1061001000116, 106.
1000110011. Ρο1000000016, 61.
1110106,01,68.10011,11,16.
6, 46. 10010010 100101,11.
Ι101000100100006,61.1001-
000 oceanus 1, 01110100 oe-
000106, 46.

110010. 0, 01, 01, 00, 00. Indi
001106, 71. ’
10101001 01010, 10010 Tuscum

101’ 0110 Numidiae, 000001
0000010οῙ, 30.

1010000110 ’1100001100 6 40.
lenia 10010 Asiae minoris 1,
14, 86, 89. 6, 101.

10000 11100100 leniae 1, 87.
1001010 mare 1, 17, 18. 6, 67,
68, 48, 110116. 1001011100·
lagos 6 68, 116. 1011110001ηο
10000111Ρο10001111001,64.
10110 Dodonaei templum 10
Epiro 6, 46. 10110 Olympii
delubrum 10 1111006, 46. 10110
1000010 Η10000106, 89, 90
10110 0000101010 10 01010 6,
11611110000100010 010100
101010 1101111010 0000010100 6,
,116. Μο100 10000 Indiae 1011
000016, 66

100100010611.

123an23 0000100 Asiae 10100110

10001000106, 114.

10000 016001110100, 0000011100
100100010001011, 76.
Isthmos 00000110, quoe Helladi
Peloponneson adnectit 6, 48,·
66. 1011101101 10016, 48.
10110100 00000110, qua 0110100·

 

